% Scenario 4

D = [0 0 0 0 0 0 0 0 0 0 0 0 0 0 0 0 0 0 0 0 0.9 0.9 0.9 0.9 0.9 0.9 0.9 0.9 0.9 0.9 0.9 0.9 0.9 ...
     0.9 0.9 0.9 0.9 0.9 0.9 0.9 0.9 0.9 0.9 0.9 0.9 0.9 0.9 0.9 0.9 0.9 0.9 0.9 0.9 0.9 0.9 0.9 ...
     0.9 0.9 0.9 0.9 0.9 0.9 0.9 0.9 0.9 0.9 0.9 0.9 0.9 0.9 0.9 0.9 0.9 0.9 0.9 0.9 0.9 0.9 0.9 ...
     0.9 0.9 0 0 0 0 0 0 0 0 0 0 0 0 0 0 0 0 0 0 0 0]

sbcsol = [ 0 0 0 0 0 0 0 0 0 0 0 0 0.21 0.61 0.74 0.79 0.82 0.84 0.86 0.87 0.88 0.88 0.89 0.9 0.9 ...
           0.9 0.91 0.91 0.91 0.92 0.92 0.92 0.92 0.93 0.93 0.93 0.93 0.93 0.93 0.93 0.94 0.94 ...
           0.94 0.94 0.94 0.94 0.94 0.94 0.94 0.94 0.95 0.95 0.95 0.95 0.95 0.95 0.95 0.95 0.95 ...
           0.95 0.95 0.95 0.95 0.95 0.95 0.95 0.95 0.95 0.95 0.96 0.96 0.96 0.96 0.96 0 0 0 0 0 0 ...
           0 0 0 0 0 0 0 0 0 0 0 0 0 0 0 0 0 0 0 0 0 ];

startLambda = [ 0 0 0 0 0 0 0 0 0 0 0.2 0.4 0.51 0.61 0.74 0.79 0.82 0.84 0.86 0.87 0.88 0.88 0.89 ...
                0.9 0.9 0.9 0.91 0.91 0.91 0.92 0.92 0.92 0.92 0.93 0.93 0.93 0.93 0.93 0.93 0.93 ...
                0.94 0.94 0.94 0.94 0.94 0.94 0.94 0.94 0.94 0.94 0.95 0.95 0.95 0.95 0.95 0.95 ...
                0.95 0.95 0.95 0.95 0.95 0.95 0.95 0.95 0.95 0.95 0.95 0.95 0.95 0.96 0.96 0.96 ...
                0.96 0.96 0 0 0 0 0 0 0 0 0 0 0 0 0 0 0 0 0 0 0 0 0 0 0 0 0 0 0 ];


% result = [ 0         0         0         0         0         0         0 0         0         0 ...
%            0.2000    0.4000    0.5100    0.6100 0.7400    0.7900    0.8200    0.8400    0.8600 ...
%            0.8700    0.8800 0.8800    0.8900    0.9000    0.9000    0.9000    0.9100    0.9100 ...
%            0.9100    0.9200    0.9200    0.9200    0.9200    0.9300    0.9300 0.9300    0.9300 ...
%            0.9300    0.9300    0.9300    0.9400    0.9400 0.9400    0.9400    0.9400    0.9400 ...
%            0.9400    0.9400    0.9400 0.9400    0.9500    0.9500    0.9500    0.9500    0.9500 ...
%            0.9500 0.9500    0.9500    0.9500    0.9500    0.9500    0.9500    0.9500 0.9500 ...
%            0.9500    0.9500    0.9500    0.9500    0.9500    0.9600 0.9600    0.9600    0.9600 ...
%            0.9600         0         0         0 0         0         0         0         0 ...
%            0         0 0         0         0         0         0         0         0 0         0 ...
%            0         0         0         0         0 0         0         0];


% result = [ 0.0281    0.0907    0.0238         0    0.0218    0.0229    0.0131 0    0.0266    0.0509 ...
%            0.1395    0.2763    0.4772    0.5785 0.6794    0.7974    0.8729    0.9395    0.9193 ...
%            0.8066    0.8949 0.7565    0.9255    0.8042    0.8781    0.7444    0.8503    0.9048 ...
%            0.7137    0.7867    0.7672    0.9109    0.8534    0.8258    0.8900 1.0184    0.9489 ...
%            0.7599    0.9045    0.8695    0.7797    0.9279 0.8738    0.9909    0.8126    0.8165 ...
%            0.9812    0.8232    0.9056 0.9311    0.9661    1.0066    0.9507    0.8204    1.1028 ...
%            1.0386 0.8206    0.9671    0.8740    0.9467    0.8903    0.9746    0.9273 0.8139 0.9535 ...
%            1.0794    0.8835    1.0098    0.8534    0.8376 1.0866    1.0477    0.9074 0.9158 ...
%            0.0481    0.0635    0.0229 0.0877    0.0664         0    0.0209         0 0         0 ...
%            0         0         0         0         0         0         0 0         0 0         0 ...
%            0         0         0 0         0         0];


result = [0    0.0102    0.0237    0.0419    0.0100         0    0.0135 0.0198    0.0215    0.0340 ...
          0.0287    0.3357    0.4038    0.6706 0.6989    0.7357    0.8207    0.8372    0.7947 ...
          0.8211    0.9499 0.7604    0.8260    0.9548    0.8976    0.8431    0.8181    0.8194 ...
          0.8423    0.8065    0.8051    0.8778    0.8749    0.9705    0.9206 0.9332    0.8858 ...
          0.8179    0.9177    0.9191    0.8659    0.8001 0.9578    0.9448    0.9291    0.8247 ...
          0.9300    0.9542    0.8878 1.0824    1.0113    1.0593    1.0206    1.0492    1.1234 ...
          1.0087 0.9177    1.0122    0.9310    0.8624    0.9274    0.9211    0.9436 0.9870 ...
          1.0118    1.0585    0.9404    0.9899    1.0128    0.9512 1.0136    1.0800    1.1412 ...
          1.0012    0.0058    0.1730    0.1235 0.0327    0.0659    0.0724    0.1030         0 ...
          0         0 0         0         0         0         0         0         0 0         0 ...
          0         0         0         0         0 0         0         0];


