% Scenario 1
D(1:6)=0;                               % demand rate in periods
D(7:51)=0.7;
D(52:T)=0;

startLambda = [ 0.3000    0.3000    0.3000    0.3000    0.3000    0.6000    0.7300 0.7900    0.8200 ...
                0.8400    0.8600    0.8700    0.8300    0.7000 0.7000    0.7000    0.7000    0.7000 ...
                0.7000    0.7000    0.7000 0.7000    0.7000    0.7000    0.7000    0.7000    0.7000 ...
                0.7000 0.7000    0.7000    0.7000    0.7000    0.7000    0.7000    0.7000 0.8200 ...
                0.8900    0.8900    0.9000    0.9000    0.9100    0.9100 0.9100    0.9200    0.9200 ...
                0.7400         0    0.0000         0 0         0         0    0.0000         0 ...
                0.0000    0.0000 0.0000         0    0.0000         0    0.0000    0.0000    0.0000 ...
                0         0    0.0000    0.0000         0         0         0 0.0000         0 ...
                0.0000         0         0    0.0000         0 0.0000         0         0 0 0 ...
                0.0000         0 0.0000         0         0         0         0 0.0000 0.0000 ...
                0.0000         0    0.0000    0.0000    0.0000    0.0000    0.0000 0 0 ...
                0.0000];

sbcsol = [ 0.0000    0.0000    0.0000    0.0000    0.1900    0.6000    0.7300 0.7900    0.8200 ...
           0.8400 0.8600    0.8700    0.8300    0.7000 0.7000    0.7000    0.7000    0.7000 0.7000 ...
           0.7000 0.7000 0.7000    0.7000    0.7000    0.7000    0.7000    0.7000 0.7000 0.7000 ...
           0.7000 0.7000    0.7000    0.7000    0.7000    0.7000 0.8200 0.8900    0.8900    0.9000 ...
           0.9000 0.9100    0.9100 0.9100    0.9200    0.9200 0.7400         0    0.0000 ...
           0 0 0 0    0.0000         0 0.0000    0.0000 0.0000         0    0.0000         0 0.0000 ...
           0.0000    0.0000 0         0    0.0000    0.0000         0         0         0 0.0000 ...
           0 0.0000         0         0    0.0000         0 0.0000         0 0 0 0 0.0000 ...
           0 0.0000         0         0         0         0 0.0000 0.0000 0.0000 0    0.0000 ...
           0.0000 0.0000    0.0000    0.0000 0 0 0.0000];


spsasol = [0.232 0.113 0.482 0.256 0 0.696 0.814 0.633 0.672 0.944 0.784 0.624 0.935 0.586 0.626 ...
           0.519 0.944 0.645 0.732 0.594 0.841 0.605 0.812 0.599 0.799 1.041 0.632 0.717 0.805 ...
           0.658 0.348 0.846 0.873 0.522 0.724 0.663 0.887 0.549 1.082 1.178 0.869 0.676 0.914 ...
           0.551 0.848 0.809 0.16 0.24 0.357 0 0 0 0 0 0 0 0 0 0 0 0 0 0 0 0 0 0 0 0 0 0 0 0 0 0 ...
           0 0 0 0 0 0 0 0 0 0 0 0 0 0 0 0 0 0 0 0 0 0 0 0 0 0 ];