% Scenario 2
D = [ 0 0 0 0 0 0 0 0 0 0 0 0 0 0 0 0 0 0 0 0 0.65 0.9 0.65 0.9 0.65 0.9 0.65 0.9 0.65 0.9 0.65 ...
      0.9 0.65 0.9 0.65 0.9 0.65 0.9 0.65 0.9 0.65 0.9 0.65 0.9 0.65 0.9 0.65 0.9 0.65 0.9 0.65 ...
      0.9 0.65 0.9 0.65 0.9 0.65 0.9 0.65 0.9 0.65 0.9 0.65 0.9 0.65 0.9 0.65 0.9 0.65 0.9 0.65 ...
      0.9 0.65 0.9 0.65 0.9 0.65 0.9 0.65 0.9 0.65 0 0 0 0 0 0 0 0 0 0 0 0 0 0 0 0 0 0 0 0 ];

startLambda = [ 0 0 0 0 0 0 0 0 0 0 0 0 0 0.3 0.3 0.3 0.3 0.14 0.58 0.73 0.78 0.82 0.84 0.85 0.87 ...
                0.88 0.88 0.89 0.9 0.9 0.9 0.91 0.81 0.91 0.64 0.91 0.64 0.91 0.64 0.91 0.64 0.91 ...
                0.64 0.91 0.64 0.91 0.64 0.91 0.64 0.91 0.64 0.91 0.64 0.91 0.64 0.91 0.64 0.91 ...
                0.64 0.91 0.64 0.91 0.64 0.91 0.73 0.91 0.92 0.92 0.92 0.92 0.93 0.93 0.93 0.93 ...
                0.93 0.88 0 0 0 0 0 0 0 0 0 0 0 0 0 0 0 0 0 0 0 0 0 0 0 0 0 ];


sbcsol = [0 0 0 0 0 0 0 0 0 0 0 0 0 0 0 0 0 0.14 0.58 0.73 0.78 0.82 0.84 0.85 0.87 0.88 0.88 0.89 ...
          0.9 0.9 0.9 0.91 0.81 0.91 0.64 0.91 0.64 0.91 0.64 0.91 0.64 0.91 0.64 0.91 0.64 0.91 ...
          0.64 0.91 0.64 0.91 0.64 0.91 0.64 0.91 0.64 0.91 0.64 0.91 0.64 0.91 0.64 0.91 0.64 ...
          0.91 0.73 0.91 0.92 0.92 0.92 0.92 0.93 0.93 0.93 0.93 0.93 0.88 0 0 0 0 0 0 0 0 0 0 0 ...
          0 0 0 0 0 0 0 0 0 0 0 0 0 0 ];


spsasol = [0 0.0082 0.032 0.0082 0.0223 0.0082 0.0574 0.0213 0.0413 0.0213 0.0076 0 0 0.4362 0.4665 ...
           0.3856 0.1055 0.0762 0.4254 0.7163 0.6756 0.9115 0.7123 0.7268 0.8529 0.9298 0.8774 ...
           0.9264 0.9225 0.9519 0.7747 0.869 0.6977 0.8571 0.6889 0.9038 0.561 0.8612 0.6427 0.7762 ...
           0.6261 0.9894 0.5333 1.088 0.599 0.9236 0.6754 0.7531 0.6145 0.7659 0.5445 0.8754 0.6229 ...
           0.8909 0.5956 0.951 0.6765 0.9299 0.5441 1.0715 0.6975 0.7959 0.635 0.9315 0.8017 1.0014 ...
           0.9427 0.9064 1.0154 0.9957 0.9392 0.8135 0.8683 0.9227 0.9374 0.9758 0.1201 0.0181 ...
           0.0473 0.0755 0.182 0 0 0 0 0 0 0 0 0 0 0 0 0 0 0 0 0 0 0 0 ];