% Scenario 4
D = [ 0 0 0 0 0 0 0.7 0.7 0.7 0.7 0.7 0.7 0.7 0.7 0.7 0.7 0.7 0.7 0.7 0.7 0.7 0.7 0.7 0.7 0.7 0.7 ...
      0.7 0.7 0.7 0.7 0.7 1.2 1.2 1.2 1.2 1.2 0.7 0.7 0.7 0.7 0.7 0.7 0.7 0.7 0.7 0.7 0.7 0.7 0.7 ...
      0.7 0.7 0 0 0 0 0 0 0 0 0 0 0 0 0 0 0 0 0 0 0 0 0 0 0 0 0 0 0 0 0 0 0 0 0 0 0 0 0 0 0 0 0 0 ...
      0 0 0 0 0 0 0 0]

sbcsol = [ 0 0 0 0 0.37 0.67 0.76 0.8 0.83 0.85 0.86 0.87 0.88 0.89 0.89 0.9 0.9 0.91 0.91 0.91 ...
           0.92 0.92 0.92 0.92 0.92 0.93 0.93 0.93 0.93 0.93 0.93 0.94 0.94 0.94 0.89 0 0 0 0.83 ...
           0.9 0.9 0.91 0.91 0.91 0.92 0.78 0 0 0 0 0 0 0 0 0 0 0 0 0 0 0 0 0 0 0 0 0 0 0 0 0 0 0 ...
           0 0 0 0 0 0 0 0 0 0 0 0 0 0 0 0 0 0 0 0 0 0 0 0 0 0 0 0 ];

startLambda = [ 0 0 0.25 0.5 0.5 0.67 0.76 0.8 0.83 0.85 0.86 0.87 0.88 0.89 0.89 0.9 0.9 0.91 0.91 ...
                0.91 0.92 0.92 0.92 0.92 0.92 0.93 0.93 0.93 0.93 0.93 0.93 0.94 0.94 0.94 0.89 0 ...
                0 0 0.83 0.9 0.9 0.91 0.91 0.91 0.92 0.78 0 0 0 0 0 0 0 0 0 0 0 0 0 0 0 0 0 0 0 0 ...
                0 0 0 0 0 0 0 0 0 0 0 0 0 0 0 0 0 0 0 0 0 0 0 0 0 0 0 0 0 0 0 0 0 0 0 ];


% startLambda = [ 0 0 0.00 0.0 0.0 0.00 0.00 0.0 0.00 0.00 0.00 0.00 0.00 0.00 0.00 0.0 0.0 0.00 0.00 ...
%                 0.00 0.00 0.00 0.00 0.00 0.00 0.00 0.00 0.00 0.00 0.00 0.00 0.00 0.00 0.00 0.00 0 ...
%                 0 0 0.00 0.0 0.0 0.00 0.00 0.00 0.00 0.00 0 0 0 0 0 0 0 0 0 0 0 0 0 0 0 0 0 0 0 0 ...
%                 0 0 0 0 0 0 0 0 0 0 0 0 0 0 0 0 0 0 0 0 0 0 0 0 0 0 0 0 0 0 0 0 0 0 0 ];


% result = [0.0081    0.0003    0.2505    0.5035    0.4995    0.6705    0.7605 0.7965    0.8228 ...
%           0.8505    0.8689    0.8628    0.8852    0.8868 0.8865    0.9012    0.9005    0.9132 ...
%           0.9132    0.9028    0.9205 0.9128    0.9111    0.9252    0.9232    0.9251    0.9335 ...
%           0.9372 0.9295    0.9352    0.9211    0.9395    0.9489    0.9405    0.8989 0.0081 0.0003 ...
%           0.0049    0.8268    0.8948    0.9072    0.9051 0.9028    0.9068    0.9272 0.7889 0.0049 ...
%           0.0081         0 0.0089    0.0039         0         0         0 0         0 0 0 0 0 0 0 ...
%           0 0         0 0         0         0 0         0 0 0         0 0         0 0 0 0 0 0 0 0 ...
%           0 0 0         0 0         0 0         0         0 0 0         0 0 0 0 0 0         0 0];


result = [0    0.0049    0.2727    0.5049    0.4925    0.6784    0.7499 0.7727    0.7954 0.8223 ...
          0.8317    0.8856    0.8919    0.8734 0.8851    0.8836    0.8659 0.8959    0.8952 ...
          0.9246    0.8998 0.9102    0.9286    0.9275    0.9031 0.9180    0.9172    0.9130 0.9510 ...
          0.9211    0.9456    0.9502    0.9587 0.9560    0.9044 0.0017    0.0080    0.0320 ...
          0.8595    0.8822    0.9150 0.9102 0.9447    0.9149    0.9446    0.7580    0.0141 ...
          0.0010    0.0492 0.0075 0.0159         0         0         0         0         0 0 ...
          0         0 0         0         0         0 0         0         0         0         0 0 ...
          0 0         0         0         0         0         0         0 0 0         0         0 ...
          0         0         0 0         0         0 0         0         0         0 0         0 ...
          0         0         0 0         0 0         0         0];


resultNoBackorderCosts = [ 0.0221    0.0802    0.1336    0.3580    0.3491    0.4321    0.6472 0.6772    0.6167    0.6933    0.7184    0.7637    0.8967    0.6821 0.7590    0.7385    0.7196    0.8270    0.8063    0.7750    0.7223 0.9003    0.8492    0.9170    0.8914    0.8019    0.9816    0.8764 0.9044    0.8601    0.8489    0.9177    0.8932    0.7865    0.8551 0.0073    0.1016         0    0.7729    0.8354    0.8033    0.8517 0.9844    0.7894    0.8992    0.7125    0.0165    0.0368         0 0.0148    0.0236         0         0         0         0         0 0         0         0         0         0         0         0 0         0         0         0         0         0         0 0         0         0         0         0         0         0 0         0         0         0         0         0         0 0         0         0         0         0         0         0 0         0         0         0         0         0         0 0         0         0]
