% Scenario 3
D = [0 0 0 0 0 0 0 0 0 0 0 0 0 0 0 0 0 0 0 0 0.65 0.65 0.65 0.65 0.65 0.9 0.9 0.9 0.9 0.9 0.65 ...
     0.65 0.65 0.65 0.65 0.9 0.9 0.9 0.9 0.9 0.65 0.65 0.65 0.65 0.65 0.9 0.9 0.9 0.9 0.9 0.65 ...
     0.65 0.65 0.65 0.65 0.9 0.9 0.9 0.9 0.9 0.65 0.65 0.65 0.65 0.65 0.9 0.9 0.9 0.9 0.9 0.65 ...
     0.65 0.65 0.65 0.65 0.9 0.9 0.9 0.9 0.9 0.9 0 0 0 0 0 0 0 0 0 0 0 0 0 0 0 0 0 0 0 0];

sbcsol = [ 0 0 0 0 0 0 0 0 0 0 0 0 0 0 0 0 0 0.13 0.57 0.72 0.78 0.82 0.84 0.85 0.87 0.88 0.88 ...
           0.89 0.9 0.9 0.56 0.9 0.9 0.91 0.91 0.91 0.92 0.92 0.92 0.66 0 0.67 0.9 0.91 0.91 0.91 ...
           0.92 0.92 0.92 0.66 0 0.67 0.9 0.91 0.91 0.91 0.92 0.92 0.92 0.92 0.11 0.91 0.91 0.92 ...
           0.92 0.92 0.92 0.93 0.93 0.93 0.93 0.93 0.93 0.93 0.94 0.67 0 0 0 0 0 0 0 0 0 0 0 0 0 ...
           0 0 0 0 0 0 0 0 0 0 0 0];

startLambda = [ 0 0 0 0 0 0 0 0 0 0 0 0 0 0.3 0.3 0.3 0.3 0.13 0.57 0.72 0.78 0.82 0.84 0.85 0.87 ...
                0.88 0.88 0.89 0.9 0.9 0.56 0.9 0.9 0.91 0.91 0.91 0.92 0.92 0.92 0.66 0 0.67 0.9 ...
                0.91 0.91 0.91 0.92 0.92 0.92 0.66 0 0.67 0.9 0.91 0.91 0.91 0.92 0.92 0.92 0.92 ...
                0.11 0.91 0.91 0.92 0.92 0.92 0.92 0.93 0.93 0.93 0.93 0.93 0.93 0.93 0.94 0.67 0 ...
                0 0 0 0 0 0 0 0 0 0 0 0 0 0 0 0 0 0 0 0 0 0 0 0];


